5.034899999999999931e-01	4.220267180494265347e+01	1.345883079950924155e-01
4.951999999999999735e-01	4.214842180494265733e+01	1.267554048117154608e-01
6.782000000000000250e-01	4.330592180494265619e+01	2.109425754772655259e-01
8.671999999999999709e-01	4.361507180494265867e+01	1.801367054461190664e-01
7.992000000000000215e-01	4.362872180494265706e+01	1.806193030907324026e-01
3.712900000000000089e-01	4.155607180494265407e+01	1.331377487754012434e-01
3.556799999999999962e-01	4.132737180494265772e+01	1.349630047419731194e-01
2.839099999999999957e-01	4.067737180494265203e+01	1.131072506472589473e-01
4.669100000000000472e-01	4.248457180494265373e+01	1.655629794035546609e-01
9.479100000000000303e-01	4.367977180494265355e+01	1.708421790688173791e-01
6.939100000000000268e-01	4.306467180494265534e+01	2.489602631927068377e-01
8.979099999999999859e-01	4.367097180494265274e+01	1.730058168067821200e-01
7.899100000000000010e-01	4.348702180494265690e+01	1.250865006664662327e-01
5.909100000000000463e-01	4.260362180494265516e+01	1.731501375944641263e-01
2.101999999999999980e-01	3.991317180494265671e+01	1.153385132944839825e-01
8.591999999999999638e-01	4.339192180494265472e+01	1.551458995558112064e-01
5.592000000000000304e-01	4.243302180494265485e+01	1.415897600428147607e-01
9.971999999999999753e-01	4.396787180494265357e+01	1.484925929094844110e-01
5.834000000000000297e-01	4.261207180494265856e+01	1.343541966184229608e-01
7.972000000000000197e-01	4.312267180494265517e+01	1.656588366160461068e-01
9.142000000000000126e-01	4.364717180494265847e+01	1.452254545490626325e-01
9.492099999999999982e-01	4.393497180494265564e+01	1.582451030805751557e-01
7.341999999999999638e-01	4.311632180494265754e+01	1.627374346884633005e-01
7.661999999999999922e-01	4.337627180494265389e+01	1.619241184906740905e-01
9.841999999999999638e-01	4.409622180494265820e+01	1.601074956052397358e-01
7.012000000000000455e-01	4.301742180494265710e+01	1.800884509039429315e-01
8.371600000000000152e-01	4.342272180494265399e+01	1.867562586608059461e-01
3.701599999999999890e-01	4.140832180494265913e+01	1.299639186427596904e-01
3.581599999999999784e-01	4.122787180494265158e+01	1.276376517685195444e-01
5.221600000000000685e-01	4.242737180494265203e+01	1.492988032402867427e-01
7.011600000000000055e-01	4.297972180494265615e+01	2.667544051163576735e-01
7.452600000000000335e-01	4.307382180494265356e+01	1.712747285765820471e-01
5.911600000000000188e-01	4.251112180494265402e+01	1.347756381879969267e-01
6.203899999999999970e-01	4.277962180494264999e+01	1.225439519069866645e-01
1.002399999999999958e+00	4.434802180494265400e+01	1.970792547402741013e-01
6.104000000000000536e-01	4.274437180494265931e+01	1.410241828516721196e-01
3.581900000000000084e-01	4.123762180494265550e+01	1.236061189787215214e-01
4.513800000000000034e-01	4.168412180494265584e+01	1.337457761911824139e-01
5.523899999999999366e-01	4.225337180494265965e+01	1.422971280419315365e-01
7.503900000000000015e-01	4.303122180494266047e+01	1.972734463859286136e-01
8.223799999999998889e-01	4.360382180494265469e+01	1.536700121981574296e-01
9.503899999999999570e-01	4.395337180494265539e+01	1.523382179526262536e-01
3.403900000000000259e-01	4.121452180494265605e+01	1.156123377887579157e-01
8.104000000000000092e-01	4.334772180494265115e+01	1.769539845524306376e-01
6.119100000000000650e-01	4.300742180494265199e+01	1.661381959363404659e-01
5.489100000000000090e-01	4.216082180494265685e+01	1.513401802198671153e-01
1.029910000000000103e+00	4.399712180494265112e+01	1.669533846586581105e-01
4.229100000000000636e-01	4.162497180494266047e+01	1.281953593114113499e-01
7.019100000000000339e-01	4.317697180494265297e+01	1.865627512366331286e-01
6.859100000000000197e-01	4.311222180494265643e+01	2.373355644419560262e-01
9.329100000000000170e-01	4.381617180494265540e+01	1.594864654100211221e-01
7.499100000000000765e-01	4.307877180494265446e+01	1.887404902213138114e-01
4.689100000000000490e-01	4.200077180494265860e+01	1.269410597442051369e-01
9.599100000000000410e-01	4.407487180494265999e+01	1.787859408594027477e-01
8.411999999999999478e-01	4.349077180494265349e+01	1.530515277577517708e-01
5.632000000000000339e-01	4.251102180494265781e+01	1.266625937243583411e-01
8.292000000000000481e-01	4.366607180494265350e+01	1.597252958957405267e-01
5.792100000000000026e-01	4.249317180494265500e+01	1.295447129333414937e-01
8.651999999999999691e-01	4.363752180494265076e+01	1.536700121981574296e-01
8.591999999999999638e-01	4.371242180494265028e+01	1.719477613956688078e-01
5.862100000000000088e-01	4.283762180494265692e+01	1.493462425003784788e-01
4.892000000000000237e-01	4.213352180494266008e+01	1.230055695852096814e-01
6.892099999999999893e-01	4.288142180494265432e+01	1.589611592464708067e-01
3.241600000000000037e-01	4.106187180494265476e+01	1.126076047564366772e-01
1.851599999999999913e-01	3.972402180494265167e+01	1.142445300615388820e-01
6.811599999999999877e-01	4.286577180494265349e+01	1.557175974287487441e-01
9.211600000000000898e-01	4.362322180494265922e+01	1.771949495583377554e-01
4.281600000000000406e-01	4.201922180494265291e+01	1.377307886747979604e-01
6.991600000000000037e-01	4.322077180494265747e+01	2.204075773402127125e-01
5.751600000000000046e-01	4.265317180494265870e+01	1.462662389240314553e-01
5.111600000000000588e-01	4.238127180494265644e+01	1.256887431275444666e-01
6.411600000000000632e-01	4.288977180494265440e+01	1.724767234990909059e-01
3.511599999999999722e-01	4.149542180494265153e+01	1.230055695852096814e-01
3.491599999999999704e-01	4.141267180494265432e+01	1.202864607883275400e-01
3.548600000000000088e-01	4.150487180494265260e+01	1.224516645414910759e-01
8.711600000000000454e-01	4.360842180494265108e+01	1.413069359549695425e-01
9.251599999999999824e-01	4.403692180494265074e+01	1.190916984889453245e-01
4.193999999999999950e-01	4.185917180494265466e+01	1.298241604978898345e-01
8.903799999999999493e-01	4.344862180494265402e+01	1.485400035309742961e-01
4.803800000000000292e-01	4.204342180494265335e+01	1.243922029267986729e-01
5.803800000000000070e-01	4.263607180494265947e+01	1.675769976726575183e-01
8.053799999999999848e-01	4.336397180494265058e+01	1.624981850636549596e-01
6.643799999999999706e-01	4.290192180494265983e+01	1.678648865873439699e-01
7.453800000000000425e-01	4.327557180494265765e+01	1.598208376557383181e-01
7.364000000000000545e-01	4.304667180494265466e+01	1.476394938659092437e-01
3.703899999999999970e-01	4.131397180494265342e+01	1.224055254021723382e-01
8.503899999999999793e-01	4.358687180494266045e+01	1.386707256380446673e-01
2.193800000000000194e-01	4.011512180494266033e+01	1.126530077227495125e-01
6.473899999999999100e-01	4.289412180494265669e+01	1.680568360673907746e-01
6.003800000000000248e-01	4.267042180494265580e+01	1.615893333391219266e-01
7.603900000000000103e-01	4.319347180494265359e+01	1.571954600139007230e-01
4.703899999999999748e-01	4.207222180494265729e+01	1.308962190018560512e-01
4.979100000000000192e-01	4.219572180494265012e+01	1.404117966873932588e-01
5.079100000000000836e-01	4.223872180494265649e+01	1.338861462175301442e-01
5.879100000000000437e-01	4.271197180494265666e+01	1.482555653221215852e-01
6.999199999999999866e-01	4.304727180494265326e+01	1.633117651884941623e-01
7.619100000000000872e-01	4.332237180494265516e+01	1.671452441709959380e-01
7.889100000000000001e-01	4.337512180494265124e+01	1.459823025197981294e-01
4.059099999999999930e-01	4.183222180494265530e+01	1.201025089204295626e-01
8.089199999999999724e-01	4.382557180494265481e+01	1.701214643981818764e-01
5.839199999999999946e-01	4.287632180494265555e+01	1.378717253427324818e-01
7.209100000000000508e-01	4.329082180494265231e+01	1.990216888908891146e-01
8.379100000000000437e-01	4.357362180494265402e+01	1.502953763393334030e-01
8.069100000000000161e-01	4.352262180494265920e+01	1.896604865252165817e-01
5.001600000000000490e-01	4.231872180494265479e+01	1.439020939701082247e-01
5.331600000000000783e-01	4.220272180494265513e+01	1.730539226627985649e-01
8.211600000000000010e-01	4.343582180494265543e+01	1.911621632253147074e-01
1.251599999999999935e-01	3.873662180494265783e+01	1.137893345133095535e-01
4.431600000000000539e-01	4.184237180494265829e+01	1.429105319736157786e-01
6.833899999999999419e-01	4.321232180494265407e+01	2.943053858647202148e-01
7.263899999999999801e-01	4.316827180494265548e+01	1.694970505613058176e-01
4.043900000000000272e-01	4.171447180494265439e+01	1.173953157028927580e-01
6.903799999999999937e-01	4.302092180494265961e+01	1.897089155758944767e-01
5.763899999999999579e-01	4.251192180494265926e+01	1.316427747693805494e-01
7.203899999999999748e-01	4.314467180494265364e+01	2.083118339148831433e-01
5.509100000000000108e-01	4.243637180494265237e+01	1.335118726892176311e-01
8.488999999999999879e-01	4.357872180494265990e+01	1.761830657270495593e-01
4.359100000000000197e-01	4.163497180494265137e+01	1.187704093997400401e-01
3.019100000000000117e-01	4.091067180494265187e+01	1.050838719736851834e-01
5.811899999999999844e-01	4.279177180494265542e+01	1.450835971051926132e-01
3.462100000000000177e-01	4.138347180494265842e+01	1.206084994889740775e-01
3.311999999999999944e-01	4.105112180494265317e+01	1.168003966131188343e-01
4.493899999999999562e-01	4.205717180494265506e+01	1.490142028431580834e-01
2.916000000000000258e-01	4.074037180494265442e+01	1.339329408658745946e-01
4.610899999999999443e-01	4.189767180494265375e+01	1.456038208598313677e-01
6.329100000000000836e-01	4.292887180494265920e+01	2.098218593211437777e-01
2.689099999999999824e-01	4.044442180494265671e+01	1.099358910864957628e-01
9.259100000000000108e-01	4.400982180494265350e+01	1.980017680450905926e-01
6.259100000000000774e-01	4.272837180494265397e+01	1.385766941046792933e-01
6.089100000000000623e-01	4.264492180494265483e+01	1.351035534284048822e-01
5.789100000000000357e-01	4.250552180494265997e+01	1.467396083168476251e-01
7.201999999999999513e-01	4.309347180494265217e+01	2.110400439465976163e-01
7.671999999999999931e-01	4.351527180494265679e+01	1.661381959363404659e-01
3.682000000000000273e-01	4.151277180494265906e+01	1.122898933519034942e-01
8.491999999999999549e-01	4.359997180494265479e+01	1.558605551413886625e-01
7.772100000000000675e-01	4.336242180494265597e+01	1.844834210680782738e-01
5.842100000000000071e-01	4.253682180494265452e+01	1.098004218980139363e-01
5.891999999999999460e-01	4.256907180494265219e+01	1.383416518947994112e-01
7.691999999999999948e-01	4.347602180494265411e+01	1.753160935253288699e-01
5.141999999999999904e-01	4.239567180494265131e+01	1.410241828516721196e-01
6.382100000000000550e-01	4.263822180494265979e+01	2.376295860135725080e-01
4.352100000000000413e-01	4.183052180494265571e+01	1.238372324827305693e-01
5.842100000000000071e-01	4.273177180494265315e+01	1.479711885773100921e-01
6.625900000000000123e-01	4.301697180494265638e+01	1.856437789126849647e-01
6.211600000000000454e-01	4.267902180494264996e+01	1.694970505613058176e-01
4.161600000000000299e-01	4.178362180494265488e+01	1.266625937243583411e-01
4.511699999999999600e-01	4.163087180494265738e+01	1.455565187443759179e-01
7.331600000000000339e-01	4.331677180494265400e+01	2.451320310546581116e-01
7.411600000000000410e-01	4.353097180494265217e+01	2.202610556793503371e-01
3.491599999999999704e-01	4.100822180494265012e+01	1.289395600619990534e-01
5.141600000000000614e-01	4.245667180494265835e+01	1.434770370093481628e-01
6.433900000000000174e-01	4.287577180494265860e+01	1.999447427390424192e-01
4.703999999999999848e-01	4.192027180494265792e+01	1.375898711714705347e-01
2.633800000000000030e-01	4.042337180494265425e+01	1.177617091799446347e-01
7.423999999999999488e-01	4.319077180494265633e+01	2.043691088422657232e-01
9.103899999999999215e-01	4.387982180494265094e+01	1.703136302501413180e-01
3.373999999999999777e-01	4.118192180494265386e+01	1.165260170476184187e-01
9.833899999999999864e-01	4.419127180494265872e+01	1.514352011554178090e-01
8.133799999999999919e-01	4.353497180494265706e+01	1.487296629760918310e-01
8.174000000000000155e-01	4.361132180494265498e+01	1.297310011099191973e-01
9.603799999999999004e-01	4.384182180494265424e+01	1.646046783933611812e-01
7.563900000000000068e-01	4.330787180494265698e+01	1.651795996755708873e-01
8.789100000000000801e-01	4.368987180494265488e+01	1.508176801604568240e-01
8.099100000000000188e-01	4.347617180494265199e+01	1.733425803113068375e-01
6.279100000000000792e-01	4.268162180494265101e+01	1.458403584368259120e-01
9.349100000000000188e-01	4.403352180494265156e+01	2.063642899073913350e-01
6.979100000000000303e-01	4.305087180494265908e+01	1.686808010681175862e-01
7.679099999999999815e-01	4.365312180494265704e+01	1.846767788569582125e-01
8.649100000000000676e-01	4.366447180494265012e+01	1.599641605141034761e-01
5.149100000000000898e-01	4.225567180494265074e+01	1.263842262664999494e-01
4.709100000000000508e-01	4.236872180494265194e+01	1.486822455741836635e-01
9.289100000000000135e-01	4.404712180494265539e+01	1.888857330477393681e-01
6.311999999999999833e-01	4.267742180494265369e+01	1.507701898552291919e-01
6.161999999999999700e-01	4.283447180494265183e+01	1.508651720874697455e-01
5.652000000000000357e-01	4.255732180494266004e+01	1.439020939701082247e-01
5.581899999999999640e-01	4.251762180494265664e+01	1.429105319736157786e-01
7.361999999999999655e-01	4.333747180494265194e+01	1.977589761527447088e-01
2.621999999999999886e-01	4.042657180494265390e+01	1.180366474828129786e-01
7.621999999999999886e-01	4.324397180494266024e+01	1.614936922885282788e-01
8.591999999999999638e-01	4.381247180494266047e+01	1.845800981931201012e-01
5.592000000000000304e-01	4.287432180494265310e+01	1.588179229463156650e-01
4.801600000000000312e-01	4.201657180494265731e+01	1.231903005474938306e-01
9.211600000000000898e-01	4.383997180494265677e+01	1.931009390163130612e-01
4.751600000000000268e-01	4.196342180494265506e+01	1.187704093997400401e-01
8.921600000000000641e-01	4.384632180494265441e+01	1.646046783933611812e-01
6.311600000000000543e-01	4.242992180494265142e+01	1.832269430214395756e-01
7.351600000000000357e-01	4.329667180494265466e+01	2.160140045204982928e-01
4.181600000000000317e-01	4.165447180494265922e+01	1.244847386187634686e-01
5.351600000000000801e-01	4.225177180494265627e+01	1.351035534284048822e-01
7.341600000000000348e-01	4.335997180494265990e+01	1.843867474873990275e-01
6.091600000000000348e-01	4.281292180494265409e+01	1.559558676324230564e-01
7.011600000000000055e-01	4.310692180494265813e+01	1.713708628938474532e-01
9.821600000000000330e-01	4.404917180494265949e+01	1.505802448828592599e-01
7.581600000000000561e-01	4.332392180494265688e+01	1.588179229463156650e-01
6.433900000000000174e-01	4.287272180494265683e+01	2.067537185856202775e-01
5.153900000000000148e-01	4.229187180494265874e+01	1.824057294850736366e-01
8.053799999999999848e-01	4.328212180494265482e+01	1.383886561426978246e-01
8.003899999999999348e-01	4.309077180494265491e+01	1.673850953609127556e-01
7.153800000000000159e-01	4.311217180494265477e+01	1.998961546628195141e-01
7.663900000000000157e-01	4.349892180494265403e+01	1.866595032377989238e-01
9.013899999999999135e-01	4.378102180494265383e+01	1.582928303776954537e-01
7.183899999999999730e-01	4.295737180494265317e+01	1.581496526995296859e-01
5.793800000000000061e-01	4.244612180494265630e+01	1.286604062988371822e-01
9.603799999999999004e-01	4.407747180494265393e+01	1.501529641698153839e-01
6.483899999999999109e-01	4.280487180494265687e+01	1.658505657180036896e-01
9.363899999999999446e-01	4.373992180494265369e+01	1.482081649200942819e-01
4.613800000000000123e-01	4.203087180494265596e+01	1.207465637150054033e-01
6.703899999999999304e-01	4.305317180494265017e+01	1.836618091737687863e-01
2.463899999999999979e-01	4.042877180494265588e+01	1.178991630546284142e-01
6.389199999999999324e-01	4.275827180494265178e+01	1.899510730398274450e-01
5.359099999999999975e-01	4.233767180494265858e+01	1.204704638032985248e-01
7.739099999999999868e-01	4.344427180494265883e+01	1.824540288647577557e-01
3.709100000000000175e-01	4.142077180494266031e+01	1.144722680345849480e-01
6.999199999999999866e-01	4.315717180494265648e+01	1.791235611218743862e-01
3.739099999999999646e-01	4.138007180494265924e+01	1.141079320160603983e-01
8.539100000000000579e-01	4.357342180494265449e+01	1.580064876800375273e-01
6.039200000000000124e-01	4.285627180494265076e+01	1.504852821673330898e-01
5.349099999999999966e-01	4.219052180494265514e+01	1.372611385242809845e-01
4.009099999999999886e-01	4.152832180494265657e+01	1.243922029267986729e-01
3.719100000000000183e-01	4.146957180494266026e+01	1.173495319504166690e-01
8.409100000000000463e-01	4.329352180494265667e+01	1.589134124263331671e-01
5.321600000000000774e-01	4.232722180494265274e+01	1.232364907362338835e-01
9.311599999999999877e-01	4.397222180494265587e+01	2.153797405722782110e-01
5.531599999999999850e-01	4.255202180494265463e+01	1.328572547849076191e-01
8.411600000000000188e-01	4.359432180494265197e+01	1.916952011631534170e-01
7.273899999999999810e-01	4.313692180494265926e+01	2.033962454151547472e-01
4.423799999999999955e-01	4.194107180494265208e+01	1.230979291011098098e-01
2.823999999999999844e-01	4.084282180494265901e+01	1.172122013656507616e-01
5.193999999999999728e-01	4.230687180494265931e+01	1.187704093997400401e-01
1.060389999999999944e+00	4.395552180494265571e+01	1.707941235785993273e-01
2.683800000000000074e-01	4.051547180494265632e+01	1.152016499403626659e-01
2.504000000000000115e-01	4.044452180494265292e+01	1.209767339159966704e-01
6.989199999999999857e-01	4.306062180494265590e+01	2.221661993845640004e-01
7.309100000000000597e-01	4.303662180494265499e+01	1.968850747237632925e-01
9.989100000000000756e-01	4.388042180494265665e+01	1.063367300088819689e-01
4.099100000000000521e-01	4.171922180494265575e+01	1.187245242103831810e-01
1.269399999999999973e-01	3.881112180494265829e+01	1.286138897980380058e-01
2.560899999999999843e-01	4.060262180494265749e+01	1.878207926428324126e-01
8.847999999999998921e-02	3.791167180494265665e+01	1.160689995174502276e-01
1.179700000000000054e-01	3.846167180494265381e+01	1.097552739005368122e-01
1.832199999999999940e-01	3.956332180494266026e+01	1.367917035093205447e-01
1.406999999999999917e-01	3.913922180494265035e+01	1.255497218196116038e-01
1.518599999999999950e-01	3.906152180494265735e+01	1.135163981501433050e-01
9.400999999999999635e-02	3.815722180494265103e+01	1.131526961631133948e-01
2.866199999999999859e-01	4.095092180494265222e+01	1.576247764438759025e-01
2.634900000000000020e-01	4.062582180494266026e+01	1.505327627095904286e-01
1.431000000000000050e-01	3.906497180494265820e+01	1.148368414272260413e-01
1.603499999999999925e-01	3.920112180494265885e+01	1.248549964918579391e-01
1.230300000000000005e-01	3.866302180494265883e+01	1.258277896530884121e-01
1.260799999999999976e-01	3.863677180494265428e+01	1.224516645414910759e-01
1.731499999999999984e-01	3.942167180494265466e+01	1.098907304961699721e-01
1.643099999999999838e-01	3.929997180494265763e+01	1.181283206897560945e-01
1.598999999999999866e-01	3.919107180494265208e+01	1.201025089204295626e-01
2.444800000000000306e-01	4.013637180494265522e+01	1.381066622179460968e-01
2.483499999999999874e-01	4.024997180494266047e+01	1.423914767427525985e-01
2.754400000000000182e-01	4.063897180494265626e+01	1.620676175211502867e-01
3.305099999999999705e-01	4.120032180494265361e+01	1.657546987236918901e-01
3.310299999999999909e-01	4.109707180494265799e+01	1.554317218233841058e-01
1.605900000000000105e-01	3.925437180494265021e+01	1.192753648033903768e-01
2.188699999999999812e-01	4.013827180494265434e+01	1.423914767427525985e-01
1.199099999999999888e-01	3.863657180494265475e+01	1.124714192538791430e-01
1.783900000000000208e-01	3.999657180494265418e+01	1.369794515574575267e-01
2.792300000000000337e-01	4.076937180494265078e+01	1.407886097984558382e-01
1.858100000000000029e-01	3.975187180494265249e+01	1.381066622179460968e-01
6.640999999999999681e-02	3.725632180494265810e+01	1.228208864525161398e-01
2.580000000000000071e-01	4.054572180494265865e+01	1.504378032576315638e-01
2.797999999999999932e-01	4.054552180494265201e+01	1.475447394825781799e-01
2.657599999999999962e-01	4.032912180494265897e+01	1.383886561426978246e-01
1.849999999999999978e-01	3.964347180494265643e+01	1.156579878304211939e-01
5.714999999999999941e-02	3.692517180494265006e+01	1.171206649100911684e-01
3.264000000000000234e-01	4.094152180494265281e+01	1.538127762865681425e-01
1.088599999999999846e-01	3.844032180494265560e+01	1.131526961631133948e-01
2.032299999999999940e-01	3.996832180494265430e+01	1.460296207931180423e-01
3.798599999999999755e-01	4.140567180494265642e+01	1.472605179570609379e-01
2.116000000000000103e-01	3.995737180494265317e+01	1.316894553446928962e-01
2.135300000000000253e-01	4.005117180494265483e+01	1.443273021606856499e-01
1.440899999999999959e-01	3.910397180494265967e+01	1.224516645414910759e-01
2.524899999999999922e-01	4.043602180494265497e+01	1.677209368235876019e-01
2.567200000000000037e-01	4.054402180494265906e+01	1.811502695250047368e-01
2.188499999999999890e-01	4.024422180494265433e+01	1.749790277404176808e-01
7.882999999999999730e-02	3.780792180494265153e+01	1.308495802399910757e-01
8.282000000000000473e-02	3.801202180494265548e+01	1.252717551923890893e-01
1.702799999999999869e-01	3.951712180494265425e+01	1.169376335872325534e-01
2.366999999999999937e-01	4.014477180494265696e+01	1.508176801604568240e-01
3.056900000000000173e-01	4.064852180494265355e+01	2.032017043456620653e-01
8.254000000000000226e-02	3.778612180494265260e+01	1.155666913473854668e-01
1.889099999999999946e-01	3.947212180494265965e+01	1.277305764058937476e-01
8.140999999999999626e-02	3.777922180494265092e+01	1.144267130043586378e-01
2.565500000000000003e-01	4.052462180494265453e+01	1.682008104884809008e-01
1.262199999999999989e-01	3.885347180494265729e+01	1.428633355657841775e-01
1.026400000000000090e-01	3.842997180494265308e+01	1.518153488583478539e-01
1.245499999999999940e-01	3.874662180494265584e+01	1.111115212252170442e-01
3.704600000000000115e-01	4.172887180494265635e+01	1.702655870955192552e-01
2.021499999999999964e-01	3.965417180494265637e+01	1.240684192249657813e-01
1.799000000000000044e-01	3.995067180494265813e+01	1.509126656347367645e-01
1.617999999999999994e-01	3.940412180494265471e+01	1.382006517675725688e-01
2.266900000000000026e-01	4.014532180494265390e+01	1.486822455741836635e-01
2.968300000000000383e-01	4.071312180494265931e+01	1.521005264585953420e-01
2.502900000000000125e-01	4.046937180494265363e+01	1.411655505035908365e-01
1.488200000000000078e-01	3.918637180494265237e+01	1.162974640694364459e-01
1.472900000000000043e-01	3.904422180494265149e+01	1.136073617728264040e-01
2.151300000000000157e-01	4.047007180494265555e+01	1.556222996520159885e-01
1.447799999999999920e-01	3.907882180494265612e+01	1.474026209026890466e-01
1.324299999999999922e-01	3.919752180494265303e+01	1.414012027847778297e-01
2.197500000000000009e-01	4.026877180494265929e+01	1.426273821851255230e-01
3.849199999999999844e-01	4.167397180494265285e+01	1.567185778680429964e-01
1.739999999999999880e-01	3.961432180494265509e+01	1.210688240175060992e-01
1.778900000000000203e-01	3.947167180494265892e+01	1.311761035744767878e-01
2.993600000000000150e-01	4.078797180494265717e+01	1.383886561426978246e-01
1.184499999999999997e-01	3.871697180494265922e+01	1.419669685137421589e-01
1.765299999999999925e-01	3.950792180494265438e+01	1.160233172641683130e-01
2.455199999999999882e-01	4.064342180494265477e+01	1.940222929175456079e-01
1.961099999999999788e-01	3.981647180494265115e+01	1.283348458096313649e-01
2.485199999999999909e-01	4.036477180494265582e+01	1.407415011607516531e-01
3.063199999999999812e-01	4.104527180494265792e+01	1.681048263702796253e-01
2.463699999999999779e-01	4.042512180494265550e+01	1.388117885807320651e-01
1.351400000000000101e-01	3.923532180494265731e+01	1.229132220266878350e-01
2.105400000000000049e-01	3.990842180494265534e+01	1.415897600428147607e-01
2.363000000000000100e-01	4.042292180494265352e+01	1.318762019811832997e-01
1.785100000000000020e-01	3.964357180494265265e+01	1.228208864525161398e-01
2.206800000000000150e-01	4.008617180494265142e+01	1.614936922885282788e-01
3.149399999999999977e-01	4.108832180494265174e+01	1.641257144660210054e-01
1.844299999999999828e-01	3.981997180494265365e+01	1.213451694505465750e-01
2.612900000000000222e-01	4.047182180494265680e+01	1.464555654421567377e-01
1.812300000000000022e-01	3.947967180494265449e+01	1.154297736677234454e-01
3.804800000000000404e-01	4.130077180494265576e+01	1.578156207381951892e-01
1.848100000000000021e-01	3.965587180494265596e+01	1.180366474828129786e-01
2.084699999999999886e-01	3.992287180494265897e+01	1.296378519144075481e-01
1.770599999999999952e-01	3.960447180494265496e+01	1.374020110805582728e-01
3.158199999999999896e-01	4.098502180494265446e+01	1.606331617349974761e-01
2.497300000000000075e-01	4.043582180494265543e+01	1.333247919517666635e-01
2.036799999999999999e-01	3.991912180494265527e+01	1.285208646445465674e-01
1.233599999999999974e-01	3.868802180494265031e+01	1.131526961631133948e-01
2.031799999999999995e-01	3.991207180494265572e+01	1.292653574975981823e-01
1.533899999999999986e-01	3.939082180494265373e+01	1.150648193366758804e-01
3.343900000000000206e-01	4.120312180494265419e+01	1.660423143327683926e-01
1.958000000000000018e-01	3.979682180494265253e+01	1.243922029267986729e-01
2.497300000000000075e-01	4.034512180494265010e+01	1.519579305234901312e-01
1.550900000000000056e-01	3.929332180494265003e+01	1.162974640694364459e-01
1.559599999999999875e-01	3.925607180494265691e+01	1.344946565815232087e-01
1.583700000000000108e-01	3.908507180494265754e+01	1.324366741087296406e-01
3.093800000000000439e-01	4.107962180494265425e+01	2.024236464669625923e-01
2.485699999999999854e-01	4.039432180494265623e+01	1.465975789328795853e-01
1.850700000000000123e-01	3.958397180494265655e+01	1.322031018886541121e-01
1.837599999999999789e-01	3.977562180494265931e+01	1.333247919517666635e-01
1.807900000000000063e-01	3.964787180494265328e+01	1.455092184329977723e-01
1.769599999999999784e-01	3.955367180494265256e+01	1.373550514141429757e-01
1.776800000000000046e-01	3.934002180494265133e+01	1.300105097635643470e-01
7.180000000000000271e-02	3.728032180494265901e+01	1.339797378299489861e-01
1.381099999999999828e-01	3.893107180494265407e+01	1.148824296791370048e-01
1.696000000000000008e-01	3.973337180494265652e+01	1.398938888907655664e-01
2.455499999999999905e-01	3.998802180494265457e+01	1.544315791830863094e-01
1.438699999999999979e-01	3.908487180494265090e+01	1.149736171866479195e-01
2.519099999999999673e-01	4.050202180494265747e+01	1.536224272330763974e-01
3.742999999999999799e-02	3.603902180494265650e+01	1.257814380144457456e-01
2.774900000000000144e-01	4.114892180494265972e+01	2.108451093788562547e-01
2.874599999999999933e-01	4.053502180494265872e+01	1.563848462894722458e-01
1.986700000000000133e-01	3.987837180494265965e+01	1.467396083168476251e-01
1.599900000000000211e-01	3.934427180494265031e+01	1.373550514141429757e-01
2.107499999999999929e-01	4.028182180494265197e+01	1.579587688258611844e-01
2.377499999999999891e-01	4.028292180494266006e+01	1.397997501749622673e-01
1.551700000000000024e-01	3.941087180494265851e+01	1.270339035414635165e-01
9.391000000000000736e-02	3.821777180494265735e+01	1.567185778680429964e-01
1.527099999999999846e-01	3.935377180494265303e+01	1.229593943095925457e-01
2.572200000000000042e-01	4.054232180494265947e+01	1.521005264585953420e-01
2.122600000000000042e-01	4.006887180494265976e+01	1.385766941046792933e-01
2.454000000000000070e-01	4.015267180494265631e+01	1.390939705701935147e-01
1.369599999999999984e-01	3.903307180494265083e+01	1.203784559170861801e-01
3.256900000000000350e-01	4.117332180494265970e+01	1.869497797510921433e-01
1.063800000000000023e-01	3.835857180494265606e+01	1.127892399521419758e-01
4.012699999999999600e-01	4.157407180494265475e+01	1.670013477460043083e-01
1.893099999999999783e-01	3.975462180494265851e+01	1.386237088271045081e-01
1.972599999999999909e-01	3.970342180494264994e+01	1.217138042663273995e-01
1.283700000000000119e-01	3.882982180494265378e+01	1.401763537440672003e-01
1.226200000000000068e-01	3.870847180494265416e+01	1.135618780620585716e-01
1.271500000000000130e-01	3.886147180494265285e+01	1.138803435584116175e-01
2.132300000000000306e-01	3.994457180494265458e+01	1.504852821673330898e-01
2.109900000000000109e-01	3.999522180494265200e+01	1.354315792161557286e-01
2.685599999999999654e-01	4.075652180494265053e+01	1.598686105806322866e-01
2.045299999999999896e-01	3.993257180494265413e+01	1.329974911379228075e-01
2.701000000000000068e-01	4.055412180494265328e+01	1.354315792161557286e-01
2.418500000000000094e-01	4.024897180494265569e+01	1.589134124263331671e-01
2.911400000000000099e-01	4.050422180494265945e+01	1.538603673756885892e-01
3.534599999999999964e-01	4.108497180494265422e+01	1.586746991457108624e-01
2.854300000000000170e-01	4.087047180494265319e+01	1.613980565216999730e-01
2.195499999999999952e-01	3.994012180494265607e+01	1.604897820703295175e-01
1.755799999999999861e-01	3.951587180494265539e+01	1.335118726892176311e-01
2.354199999999999904e-01	4.026112180494265402e+01	1.532418028769625962e-01
1.532499999999999973e-01	3.926787180494265783e+01	1.193212895881613361e-01
2.100499999999999867e-01	4.017297180494265518e+01	1.652754372221772738e-01
2.913499999999999979e-01	4.078767180494265432e+01	1.573385526467745987e-01
3.137599999999999834e-01	4.109072180494266036e+01	1.567185778680429964e-01
1.368699999999999917e-01	3.900842180494265676e+01	1.231903005474938306e-01
2.956699999999999884e-01	4.103902180494265650e+01	1.981960144629095755e-01
3.039399999999999880e-01	4.076447180494265865e+01	1.430049305058460618e-01
2.055699999999999750e-01	3.999977180494265383e+01	1.430993366475954709e-01
1.218999999999999945e-01	3.860947180494265751e+01	1.088081460598509520e-01
1.742799999999999905e-01	3.950512180494265380e+01	1.201025089204295626e-01
2.488300000000000234e-01	4.047102180494265156e+01	1.476868736515938862e-01
2.455800000000000205e-01	4.038412180494265158e+01	1.487296629760918310e-01
1.383300000000000085e-01	3.911772180494265427e+01	1.260595896748115674e-01
2.431500000000000050e-01	4.029617180494265938e+01	1.266161922859073141e-01
2.426699999999999691e-01	4.045277180494265679e+01	1.591044080124176252e-01
3.146800000000000153e-01	4.063002180494265758e+01	1.448944793599185044e-01
2.757300000000000306e-01	4.071672180494265092e+01	1.601074956052397358e-01
3.004100000000000104e-01	4.068862180494265601e+01	1.657067670585056496e-01
2.172800000000000287e-01	4.016217180494265904e+01	1.635989995353940574e-01
2.033500000000000030e-01	3.984162180494265471e+01	1.341201425923110868e-01
1.902500000000000024e-01	3.967432180494265026e+01	1.622111283142493310e-01
2.902099999999999680e-01	4.063962180494265652e+01	1.602508428963225762e-01
2.278599999999999792e-01	4.010257180494265583e+01	1.576724853897529532e-01
3.106499999999999817e-01	4.072797180494265490e+01	1.648442072048085794e-01
1.372899999999999954e-01	3.939087180494265539e+01	1.235136941759166218e-01
8.784000000000000141e-02	3.794782180494265589e+01	1.165717382086321197e-01
8.504000000000000448e-02	3.789107180494265492e+01	1.157492986975811461e-01
1.900900000000000090e-01	3.991682180494265708e+01	1.273124999714555228e-01
9.227000000000000479e-02	3.812582180494266026e+01	1.187704093997400401e-01
1.290300000000000058e-01	3.885807180494265367e+01	1.363693977730409401e-01
2.616600000000000037e-01	4.043502180494265019e+01	1.652275178321754578e-01
2.616199999999999637e-01	4.072412180494265499e+01	1.849668420257583878e-01
1.942200000000000037e-01	3.988537180494265044e+01	1.375898711714705347e-01
1.470299999999999940e-01	3.910797180494265035e+01	1.306164237337014977e-01
2.117900000000000060e-01	4.041307180494266049e+01	1.878207926428324126e-01
1.795799999999999896e-01	3.956997180494265365e+01	1.226824056211071323e-01
1.902900000000000147e-01	3.996102180494265355e+01	1.282418521738588058e-01
3.387999999999999901e-01	4.105792180494265153e+01	1.685367916776092378e-01
1.174099999999999866e-01	3.868747180494266047e+01	1.159776385730536402e-01
2.888999999999999901e-01	4.079772180494265399e+01	1.705538628966868642e-01
2.640500000000000069e-01	4.053612180494265260e+01	1.638862796239571040e-01
2.496099999999999985e-01	4.064987180494265573e+01	1.485874158500034570e-01
2.296699999999999853e-01	4.014762180494265920e+01	1.355721953388004108e-01
8.542999999999999206e-02	3.787622180494265933e+01	1.108852228612174362e-01
2.765599999999999725e-01	4.089367180494265597e+01	1.963026047941846819e-01
3.619300000000000295e-01	4.144262180494265380e+01	1.711305354078630214e-01
3.002099999999999769e-01	4.089357180494265265e+01	1.718516006587714751e-01
1.163499999999999951e-01	3.865287180494265584e+01	1.138348371500651768e-01
1.549200000000000021e-01	3.909927180494265997e+01	1.146545252006298116e-01
2.503699999999999815e-01	4.056642180494265659e+01	1.404117966873932588e-01
2.517400000000000193e-01	4.047722180494265842e+01	1.351035534284048822e-01
1.292800000000000060e-01	3.881532180494265560e+01	1.173953157028927580e-01
3.092900000000000094e-01	4.099207180494265401e+01	1.757495381188293737e-01
2.988800000000000345e-01	4.093527180494265849e+01	1.699773518707179409e-01
2.709099999999999842e-01	4.061012180494265067e+01	1.754605657946589903e-01
2.935300000000000131e-01	4.084797180494265945e+01	1.512451657045006392e-01
1.897900000000000142e-01	3.973327180494266031e+01	1.275447378333652015e-01
1.237599999999999950e-01	3.867052180494265201e+01	1.125622056863753023e-01
3.128799999999999915e-01	4.089907180494265049e+01	1.505327627095904286e-01
3.091499999999999804e-01	4.110427180494265542e+01	1.622589678538041702e-01
2.026700000000000168e-01	3.987087180494265226e+01	1.455092184329977723e-01
2.116300000000000125e-01	3.989292180494265949e+01	1.360410605257907357e-01
1.789000000000000035e-01	3.967072180494265865e+01	1.244847386187634686e-01
3.035400000000000320e-01	4.114022180494265513e+01	1.455092184329977723e-01
2.145699999999999830e-01	4.008992180494265511e+01	1.390469350578496521e-01
3.204500000000000126e-01	4.096382180494265413e+01	1.437603914469554600e-01
2.183499999999999885e-01	4.020002180494265076e+01	1.498681842452955493e-01
7.522999999999999132e-02	3.756702180494265519e+01	1.122445216880621627e-01
2.575999999999999956e-01	4.063937180494265533e+01	1.572431561276415590e-01
1.846799999999999831e-01	3.963292180494265438e+01	1.389058409462390342e-01
1.162799999999999945e-01	3.856297180494265575e+01	1.122445216880621627e-01
6.481000000000000649e-02	3.714477180494265696e+01	1.205164725213190846e-01
1.028799999999999992e-01	3.842867180494265256e+01	1.132890557334726017e-01
4.436999999999999972e-02	3.619237180494265260e+01	1.288930279300702086e-01
1.659499999999999864e-01	3.920272180494265513e+01	1.303833296437157951e-01
1.681700000000000139e-01	3.932052180494265770e+01	1.307096788649634023e-01
1.706300000000000039e-01	3.939197180494265638e+01	1.501529641698153839e-01
1.204199999999999993e-01	3.878827180494265292e+01	1.224055254021723382e-01
1.386799999999999977e-01	3.903817180494265671e+01	1.390469350578496521e-01
2.338000000000000078e-01	4.018887180494265010e+01	1.598208376557383181e-01
2.464300000000000102e-01	4.029052180494265656e+01	1.538603673756885892e-01
2.228600000000000025e-01	4.034862180494265260e+01	1.616371558428997268e-01
1.791500000000000037e-01	3.954912180494265783e+01	1.312694181787283643e-01
1.971799999999999942e-01	3.985002180494265644e+01	1.258741440844062254e-01
2.291600000000000026e-01	4.026267180494265574e+01	1.511026559957893700e-01
2.645099999999999674e-01	4.072177180494265514e+01	1.730539226627985649e-01
1.033700000000000035e-01	3.837017180494265745e+01	1.112020689959582614e-01
2.133800000000000141e-01	4.000007180494265668e+01	1.319695898644148158e-01
1.565300000000000025e-01	3.921222180494265785e+01	1.200565289727379137e-01
2.434000000000000052e-01	4.051707180494265970e+01	1.617806312541209546e-01
2.365199999999999803e-01	4.051632180494265612e+01	1.509126656347367645e-01
2.085199999999999831e-01	3.997017180494265176e+01	1.400821906916859261e-01
2.510399999999999854e-01	4.067462180494266022e+01	1.724767234990909059e-01
2.253400000000000125e-01	4.012922180494265945e+01	1.378717253427324818e-01
2.874200000000000088e-01	4.072227180494265042e+01	1.505327627095904286e-01
3.298400000000000221e-01	4.092157180494265845e+01	1.505327627095904286e-01
2.460300000000000264e-01	4.039622180494265535e+01	1.312694181787283643e-01
1.196599999999999886e-01	3.892007180494265128e+01	1.496309130794230557e-01
3.293099999999999916e-01	4.147837180494265397e+01	2.147943496672616304e-01
2.108199999999999796e-01	3.984477180494265269e+01	1.292188072572327262e-01
2.030799999999999828e-01	4.000312180494265135e+01	1.255960594484630266e-01
2.843600000000000017e-01	4.056642180494265659e+01	1.442800493796070893e-01
1.803700000000000025e-01	3.940577180494265974e+01	1.157036414681139602e-01
2.606999999999999873e-01	4.058097180494265643e+01	1.592476692105158076e-01
1.479199999999999959e-01	3.910852180494265440e+01	1.126530077227495125e-01
3.279299999999999993e-01	4.107337180494265283e+01	1.463608986341019269e-01
2.420599999999999974e-01	4.061342180494265364e+01	1.638383964429030448e-01
2.233400000000000107e-01	4.019897180494265854e+01	1.365101466887420067e-01
1.827999999999999903e-01	3.985007180494265810e+01	1.454619199274568286e-01
1.530400000000000094e-01	3.927062180494265675e+01	1.127892399521419758e-01
1.381799999999999973e-01	3.897147180494265228e+01	1.127892399521419758e-01
2.073500000000000065e-01	4.030817180494265983e+01	1.916467392077983167e-01
2.031300000000000050e-01	3.990987180494265374e+01	1.297775795312189617e-01
1.980099999999999916e-01	3.975927180494265656e+01	1.373550514141429757e-01
2.225599999999999801e-01	4.020382180494265612e+01	1.469763591499730071e-01
2.733999999999999764e-01	4.057447180494265382e+01	1.525283994834465695e-01
1.865099999999999814e-01	3.979337180494265169e+01	1.232364907362338835e-01
1.593499999999999917e-01	3.910637180494265408e+01	1.154754092825907991e-01
2.193499999999999894e-01	4.015362180494265942e+01	1.346351371261672314e-01
1.737299999999999955e-01	3.974942180494265642e+01	1.366978425176559042e-01
2.443599999999999939e-01	4.022847180494265729e+01	1.523857609784518563e-01
1.335299999999999820e-01	3.886217180494265477e+01	1.114738092512400774e-01
2.833199999999999608e-01	4.071232180494265407e+01	1.439020939701082247e-01
1.738299999999999845e-01	3.959662180494265726e+01	1.451781669156277099e-01
1.965400000000000202e-01	3.997617180494265199e+01	1.447999314536504156e-01
3.695199999999999596e-01	4.153077180494265974e+01	1.508176801604568240e-01
2.054800000000000237e-01	3.983402180494265110e+01	1.298241604978898345e-01
1.735700000000000021e-01	3.955037180494265669e+01	1.351504075057928245e-01
1.268799999999999928e-01	3.879422180494265149e+01	1.194131489785855149e-01
2.843399999999999817e-01	4.074222180494265899e+01	1.586269606623724460e-01
1.939200000000000090e-01	3.986402180494265224e+01	1.440438132964476092e-01
1.001799999999999913e-01	3.822527180494265053e+01	1.210227773974050652e-01
3.742500000000000271e-01	4.157292180494265210e+01	9.756315979396044946e-02
1.177099999999999952e-01	3.862007180494265413e+01	1.230517478501701734e-01
1.917599999999999860e-01	3.979972180494265643e+01	1.481133692445819050e-01
2.368400000000000227e-01	4.028257180494265555e+01	1.534321027327132103e-01
1.589900000000000202e-01	3.926437180494265533e+01	1.331377487754012434e-01
7.877000000000000668e-02	3.802582180494265174e+01	1.215755429721860625e-01
1.386400000000000132e-01	3.926757180494265498e+01	1.414483391524335165e-01
2.338099999999999901e-01	4.015297180494265206e+01	1.607765534802318708e-01
1.568900000000000017e-01	3.929297180494265262e+01	1.618762880998383114e-01
8.805999999999999939e-02	3.774912180494265357e+01	1.253643994480963531e-01
1.304500000000000104e-01	3.906457180494265913e+01	1.304765597683425205e-01
1.820299999999999974e-01	3.960412180494265044e+01	1.347756381879969267e-01
2.562499999999999778e-01	4.040807180494265083e+01	1.553840810668256911e-01
2.167400000000000160e-01	4.008052180494265571e+01	1.441855493764262752e-01
1.453299999999999870e-01	3.917687180494265675e+01	1.476394938659092437e-01
1.363900000000000112e-01	3.885467180494265449e+01	1.201484920795174299e-01
2.051499999999999990e-01	4.020222180494265274e+01	1.637426338770140155e-01
3.697599999999999776e-01	4.131567180494265301e+01	1.627852884906429709e-01
1.293999999999999873e-01	3.888027180494265167e+01	1.185410167367475370e-01
2.668699999999999961e-01	4.060047180494265717e+01	1.550030085159054549e-01
2.782199999999999673e-01	4.065482180494265663e+01	1.469290054719688543e-01
1.748299999999999854e-01	3.977382180494265640e+01	1.398938888907655664e-01
1.136400000000000049e-01	3.839532180494265390e+01	1.167089227479281427e-01
1.124200000000000060e-01	3.864917180494265381e+01	1.129255070787014842e-01
1.531700000000000006e-01	3.911062180494265306e+01	1.147912568490381952e-01
1.967099999999999960e-01	4.000612180494265147e+01	1.462662389240314553e-01
1.891400000000000026e-01	4.015347180494265444e+01	1.372141853052440685e-01
1.762499999999999900e-01	3.974497180494265081e+01	1.357597147499281509e-01
2.175699999999999856e-01	4.004912180494265783e+01	1.472131537906238019e-01
1.856299999999999895e-01	3.960607180494265833e+01	1.366978425176559042e-01
1.635599999999999832e-01	3.929192180494266040e+01	1.281488690897499005e-01
2.572099999999999942e-01	4.061517180494265489e+01	1.736793961556230559e-01
1.216400000000000120e-01	3.884887180494265380e+01	1.424858331518676080e-01
1.645500000000000018e-01	3.936227180494265099e+01	1.166174628817736592e-01
1.986199999999999910e-01	3.990892180494265062e+01	1.398938888907655664e-01
2.682100000000000040e-01	4.066757180494265356e+01	1.693529824035640008e-01
4.012800000000000256e-01	4.143322180494265439e+01	1.428161410659938568e-01
1.458099999999999952e-01	3.894132180494266038e+01	1.359941640254531681e-01
5.572999999999999482e-02	3.682987180494265544e+01	1.189080848764366427e-01
2.245199999999999696e-01	4.043317180494265983e+01	1.605375739476022356e-01
2.865500000000000269e-01	4.069127180494265872e+01	1.628331435825699780e-01
1.838799999999999879e-01	3.982087180494265510e+01	1.491090629337528117e-01
1.035099999999999909e-01	3.822897180494265967e+01	1.156123377887579157e-01
3.313599999999999879e-01	4.129822180494265638e+01	1.963026047941846819e-01
2.186500000000000110e-01	4.003017180494265403e+01	1.491564954971182355e-01
2.635699999999999710e-01	4.030322180494265183e+01	1.585792235728938626e-01
1.628400000000000125e-01	3.951652180494265565e+01	1.385766941046792933e-01
1.068299999999999944e-01	3.848662180494265783e+01	1.147000987313518405e-01
1.647699999999999998e-01	3.935312180494265988e+01	1.250865006664662327e-01
1.074999999999999983e-01	3.851297180494265149e+01	1.184492830243469991e-01
1.289900000000000213e-01	3.877652180494265366e+01	1.236523358007517032e-01
5.947999999999999815e-02	3.698597180494265046e+01	1.347756381879969267e-01
4.093000000000000110e-02	3.632102180494266008e+01	1.258277896530884121e-01
1.704999999999999918e-02	3.412467180494265762e+01	1.891762409738121931e-01
1.530999999999999896e-02	3.386577180494265349e+01	1.680568360673907746e-01
1.471999999999999871e-02	3.388402180494265536e+01	1.563371761577579955e-01
2.673000000000000029e-02	3.523927180494265343e+01	1.683927927465479479e-01
1.731999999999999859e-02	3.414002180494265559e+01	1.655629794035546609e-01
4.436999999999999972e-02	3.598907180494265390e+01	2.035907970635751907e-01
1.566999999999999990e-02	3.369892180494265688e+01	1.611111810178978698e-01
2.477000000000000035e-02	3.492752180494265701e+01	1.781590585656027403e-01
3.799999999999999906e-02	3.603462180494265965e+01	1.400351122004115656e-01
2.989999999999999949e-02	3.550952180494265065e+01	1.317361383561164723e-01
1.012000000000000052e-02	3.317567180494265244e+01	2.037853592606246600e-01
2.580000000000000002e-02	3.543302180494265485e+01	1.454619199274568286e-01
1.038000000000000034e-02	3.331782180494265333e+01	2.101629133529078763e-01
3.790999999999999925e-02	3.585332180494265231e+01	2.055855543295342092e-01
3.506999999999999701e-02	3.571937180494265363e+01	1.743531836502616172e-01
1.268000000000000030e-02	3.371682180494265424e+01	1.773877395678231939e-01
2.525000000000000161e-02	3.509637180494265607e+01	1.410713034212907058e-01
1.907999999999999974e-02	3.462162180494265584e+01	1.488245028514520452e-01
3.488999999999999740e-02	3.563657180494265475e+01	1.732463568130131193e-01
2.949999999999999845e-02	3.561202180494265690e+01	1.358066001672299239e-01
3.416000000000000286e-02	3.584387180494265124e+01	1.632638972614026962e-01
4.066999999999999782e-02	3.606102180494265497e+01	1.221748752771283086e-01
7.514999999999999458e-02	3.715642180494265290e+01	1.334183276352310377e-01
5.581000000000000544e-02	3.650037180494265954e+01	1.315960966327719694e-01
2.528999999999999998e-02	3.505782180494265532e+01	1.482081649200942819e-01
3.500999999999999945e-02	3.592632180494265981e+01	1.334650989921404851e-01
2.846000000000000266e-02	3.527332180494265401e+01	1.421084538265822428e-01
3.280000000000000276e-02	3.590907180494265560e+01	1.338393538873445809e-01
3.378000000000000447e-02	3.565617180494265881e+01	1.480185804180740583e-01
4.596999999999999698e-02	3.655042180494265835e+01	1.128346584564417221e-01
4.341000000000000414e-02	3.619967180494265335e+01	1.297775795312189617e-01
5.683999999999999470e-02	3.700177180494265627e+01	1.292188072572327262e-01
2.024000000000000105e-02	3.455502180494265474e+01	1.358066001672299239e-01
3.191000000000000086e-02	3.586027180494265565e+01	1.361817632760784214e-01
4.150000000000000216e-02	3.626492180494265938e+01	1.344478343037992518e-01
2.638999999999999679e-02	3.520127180494265673e+01	1.476394938659092437e-01
2.651000000000000231e-02	3.533567180494265614e+01	1.334183276352310377e-01
2.688999999999999724e-02	3.514367180494265597e+01	1.345414811460831916e-01
2.349000000000000046e-02	3.489182180494265140e+01	1.418726546906833030e-01
5.066999999999999976e-02	3.684047180494265206e+01	1.648921166974997021e-01
4.093000000000000110e-02	3.599842180494265165e+01	1.380126811165621192e-01
6.876999999999999780e-02	3.743637180494265237e+01	1.201944784463157417e-01
1.754000000000000004e-02	3.425232180494265322e+01	1.421556194773244131e-01
2.556999999999999898e-02	3.512892180494265659e+01	1.568616273949172690e-01
2.188999999999999974e-02	3.479907180494265617e+01	1.459349860348157224e-01
3.155000000000000165e-02	3.539612180494265203e+01	1.488245028514520452e-01
6.844999999999999696e-02	3.757857180494265492e+01	1.334183276352310377e-01
2.248999999999999957e-02	3.483797180494265433e+01	1.468816535479562924e-01
4.948999999999999927e-02	3.659227180494265497e+01	1.340265371073275924e-01
3.160999999999999921e-02	3.564182180494265140e+01	1.347756381879969267e-01
3.433999999999999553e-02	3.588117180494265313e+01	1.335118726892176311e-01
4.486000000000000404e-02	3.647372180494265592e+01	1.552888040039649975e-01
1.530999999999999896e-02	3.401757180494265498e+01	1.597252958957405267e-01
3.048000000000000015e-02	3.552117180494265369e+01	1.422499565869243532e-01
3.837000000000000133e-02	3.617032180494265958e+01	1.721400959944598685e-01
3.681999999999999856e-02	3.603877180494265531e+01	1.350567016070726434e-01
2.210000000000000159e-02	3.504772180494265399e+01	1.448472044914290158e-01
1.401999999999999948e-02	3.391627180494265303e+01	1.686808010681175862e-01
5.890000000000000097e-02	3.706022180494265683e+01	1.233288800280853137e-01
5.895000000000000240e-02	3.703892180494266029e+01	1.109757299997700258e-01
6.887999999999999678e-02	3.744602180494266008e+01	1.582451030805751557e-01
2.040000000000000147e-02	3.497492180494265313e+01	1.629767165854738298e-01
2.893999999999999698e-02	3.529507180494265128e+01	1.397997501749622673e-01
2.384000000000000008e-02	3.496952180494265860e+01	1.415897600428147607e-01
1.450999999999999859e-02	3.416527180494265536e+01	1.741606518389899050e-01
3.291999999999999788e-02	3.572022180494265342e+01	1.275447378333652015e-01
6.454999999999999627e-02	3.705767180494265745e+01	1.230055695852096814e-01
1.663000000000000242e-02	3.428207180494265316e+01	1.574816581351042855e-01
5.358999999999999875e-02	3.673692180494265358e+01	1.514352011554178090e-01
3.162999999999999839e-02	3.548787180494265669e+01	1.284278499741464130e-01
2.751000000000000320e-02	3.526602180494265326e+01	1.374489728916948039e-01
2.559000000000000163e-02	3.481962180494265624e+01	1.344478343037992518e-01
2.401000000000000009e-02	3.505467180494265733e+01	1.348693169293218308e-01
3.713000000000000328e-02	3.582867180494265824e+01	1.268018144546120551e-01
3.407999999999999918e-02	3.566797180494265262e+01	1.331845060394858948e-01
2.453999999999999931e-02	3.486832180494265288e+01	1.362286686016634940e-01
1.696999999999999897e-02	3.418157180494265646e+01	1.602030591124334880e-01
1.628999999999999893e-02	3.444507180494265697e+01	1.583405590775208149e-01
3.184000000000000025e-02	3.561047180494265518e+01	1.301036995975973776e-01
3.700000000000000511e-02	3.601707180494265970e+01	1.357128315561275944e-01
2.931999999999999884e-02	3.513302180494265770e+01	1.531466622195268579e-01
1.739999999999999880e-02	3.453417180494265892e+01	1.558129010993051788e-01
3.577999999999999931e-02	3.586027180494265565e+01	1.823091334765810922e-01
2.844999999999999959e-02	3.531607180494265208e+01	1.443273021606856499e-01
5.034999999999999892e-02	3.655852180494265724e+01	1.700253882482903045e-01
4.268999999999999878e-02	3.620147180494265626e+01	1.261523291460837637e-01
3.211999999999999578e-02	3.550437180494265021e+01	1.506752141162635283e-01
2.751999999999999932e-02	3.533512180494265920e+01	1.501529641698153839e-01
3.048999999999999627e-02	3.555547180494265547e+01	1.495360162268002113e-01
1.724000000000000185e-02	3.419762180494265635e+01	1.625938810317960892e-01
7.062999999999999834e-02	3.732747180494265393e+01	1.316427747693805494e-01
5.343999999999999445e-02	3.689027180494265679e+01	1.475447394825781799e-01
2.878000000000000003e-02	3.537657180494265674e+01	1.303833296437157951e-01
3.518000000000000294e-02	3.569067180494265301e+01	1.594864654100211221e-01
3.348000000000000281e-02	3.574842180494265165e+01	1.594864654100211221e-01
4.651000000000000273e-02	3.645007180494265242e+01	1.254570549988395789e-01
6.118999999999999440e-02	3.719282180494265333e+01	1.280558965802897353e-01
4.713999999999999441e-02	3.643097180494265785e+01	1.318762019811832997e-01
2.120000000000000009e-02	3.471482180494265890e+01	1.512451657045006392e-01
4.028000000000000330e-02	3.608882180494265413e+01	1.227747231680115098e-01
3.862999999999999767e-02	3.612967180494266017e+01	1.359472697371368888e-01
3.313999999999999585e-02	3.566047180494265945e+01	1.309428602443900302e-01
2.414000000000000173e-02	3.494857180494265947e+01	1.374489728916948039e-01
2.836999999999999938e-02	3.537262180494265351e+01	1.303833296437157951e-01
1.043000000000000003e-02	3.319302180494265286e+01	2.058288916769991650e-01
2.038000000000000228e-02	3.469777180494265423e+01	1.494885702954639184e-01
4.710000000000000298e-02	3.625242180494265654e+01	1.521480616011320064e-01
3.984000000000000041e-02	3.597562180494265505e+01	1.239296984139873353e-01
1.220000000000000077e-02	3.372482180494265691e+01	1.799919446780379184e-01
1.270999999999999908e-02	3.354932180494265737e+01	1.811502695250047368e-01
1.762999999999999984e-02	3.420362180494265658e+01	1.631681652436585417e-01
2.171000000000000013e-02	3.477022180494265768e+01	1.440910567973663625e-01
1.571999999999999786e-02	3.412937180494265732e+01	1.995560576604525349e-01
1.971999999999999795e-02	3.454467180494265222e+01	1.647483919465736468e-01
1.677999999999999978e-02	3.419507180494265697e+01	1.660902545274160758e-01
1.226000000000000006e-02	3.373562180494265306e+01	1.838067807481047755e-01
5.322000000000000342e-02	3.684737180494265374e+01	1.364632281934655689e-01
3.055000000000000077e-02	3.515757180494265555e+01	4.533112977292556023e-01
3.001000000000000195e-02	3.544152180494265281e+01	1.291722595954017394e-01
1.505999999999999873e-02	3.388752180494265787e+01	1.614936922885282788e-01
1.529999999999999936e-02	3.393872180494265933e+01	1.530515277577517708e-01
4.712999999999999828e-02	3.643612180494265829e+01	1.243922029267986729e-01
3.411000000000000143e-02	3.578322180494265581e+01	1.241146653259874028e-01
1.519999999999999997e-02	3.380367180494265256e+01	1.701695041685843957e-01
1.504000000000000128e-02	3.396737180494265829e+01	1.563848462894722458e-01
2.763000000000000178e-02	3.550277180494265394e+01	1.269874802844038753e-01
3.358999999999999486e-02	3.586177180494265571e+01	1.161146853286950109e-01
1.446999999999999849e-02	3.390902180494265394e+01	1.721400959944598685e-01
2.546999999999999958e-02	3.513397180494265370e+01	1.328572547849076191e-01
1.081999999999999976e-02	3.327682180494265651e+01	1.903870075634938319e-01
1.740999999999999839e-02	3.436822180494265666e+01	1.570523802716210227e-01
2.030999999999999819e-02	3.457387180494265522e+01	1.432881716994876820e-01
4.818999999999999673e-02	3.670262180494265181e+01	1.305697999117018671e-01
2.222999999999999976e-02	3.466002180494265872e+01	1.402234383010980689e-01
2.811000000000000304e-02	3.561472180494265416e+01	1.334650989921404851e-01
5.457999999999999657e-02	3.672032180494265674e+01	1.121991539584049624e-01
5.721000000000000391e-02	3.687267180494265517e+01	1.191376101362699863e-01
2.090999999999999803e-02	3.463417180494265324e+01	1.447053908774025566e-01
1.454000000000000084e-02	3.426357180494265720e+01	1.721881823731868655e-01
4.309999999999999942e-02	3.624497180494265081e+01	1.168003966131188343e-01
3.273000000000000215e-02	3.565252180494265133e+01	1.294050236620737093e-01
3.398999999999999938e-02	3.561957180494265174e+01	1.206545177313384232e-01
1.381999999999999895e-02	3.374657180494265418e+01	1.609199572737385897e-01
5.091999999999999998e-02	3.668857180494265435e+01	1.311761035744767878e-01
1.751999999999999738e-02	3.432402180494265309e+01	1.539079599922689445e-01
2.481999999999999831e-02	3.491817180494265926e+01	1.428633355657841775e-01
2.879999999999999921e-02	3.535987180494265658e+01	1.439965716570427989e-01
1.567999999999999949e-02	3.402712180494265226e+01	1.596297595969556615e-01
2.196999999999999995e-02	3.463567180494265330e+01	1.511501576214257792e-01
3.426000000000000573e-02	3.573832180494265742e+01	1.291722595954017394e-01
1.698000000000000204e-02	3.393792180494265409e+01	1.627852884906429709e-01
2.751999999999999932e-02	3.550417180494265779e+01	1.421556194773244131e-01
3.438000000000000084e-02	3.587532180494265788e+01	1.299173300563933875e-01
1.318000000000000074e-02	3.382427180494265428e+01	1.791717964663575857e-01
1.726000000000000104e-02	3.418382180494265299e+01	1.582928303776954537e-01
1.209000000000000005e-02	3.324732180494265776e+01	1.971278015627979663e-01
5.417999999999999206e-02	3.659002180494265133e+01	1.232364907362338835e-01
1.969999999999999876e-02	3.472277180494265281e+01	1.647004861831981859e-01
1.661999999999999936e-02	3.389942180494265500e+01	1.544315791830863094e-01
2.398000000000000131e-02	3.509212180494265709e+01	1.432409600951552453e-01
3.143999999999999573e-02	3.558717180494265619e+01	1.296378519144075481e-01
1.290999999999999960e-02	3.345852180494265582e+01	1.779662050755194957e-01
3.826999999999999846e-02	3.626537180494266011e+01	1.290326321090206341e-01
1.531999999999999855e-02	3.421682180494265424e+01	1.706980159491663929e-01
2.643000000000000210e-02	3.518657180494265901e+01	1.501054967314050526e-01
2.019999999999999921e-02	3.429107180494265350e+01	1.588179229463156650e-01
3.729999999999999982e-02	3.608782180494265646e+01	1.243459394149316749e-01
2.348000000000000087e-02	3.493087180494265453e+01	1.467396083168476251e-01
1.634999999999999995e-02	3.415132180494265413e+01	1.589611592464708067e-01
2.274999999999999939e-02	3.480302180494265940e+01	1.441855493764262752e-01
2.305000000000000104e-01	4.028202180494265860e+01	1.538603673756885892e-01
3.811999999999999833e-01	4.179497180494265507e+01	1.485400035309742961e-01
2.534000000000000141e-01	4.035967180494264994e+01	1.219443014206972181e-01
1.526000000000000134e-01	3.920537180494265783e+01	1.250865006664662327e-01
4.364999999999999991e-01	4.211367180494265483e+01	1.494885702954639184e-01
1.023000000000000020e-01	3.842187180494265419e+01	1.175784850599031206e-01
3.711999999999999744e-01	4.139567180494265131e+01	1.164345852785239332e-01
4.661000000000000143e-01	4.205042180494265835e+01	1.256423998854760138e-01
1.958999999999999908e-01	3.976957180494265742e+01	1.187704093997400401e-01
3.111999999999999766e-01	4.100992180494265682e+01	1.180824823967630693e-01
3.219999999999999946e-02	3.574022180494265655e+01	1.372611385242809845e-01
1.097999999999999948e-01	3.856067180494265756e+01	1.297310011099191973e-01
2.255000000000000060e-01	3.999122180494265422e+01	1.329039978668130895e-01
2.604000000000000203e-01	4.049587180494265226e+01	1.314094085253482147e-01
2.253000000000000003e-01	4.013112180494265147e+01	1.315494209374631351e-01
4.474000000000000199e-01	4.186727180494265355e+01	1.595342287691950411e-01
4.399000000000000132e-01	4.212277180494265849e+01	1.757013734977102004e-01
3.373999999999999777e-01	4.100867180494265085e+01	1.534796815509527346e-01
5.282999999999999918e-01	4.211042180494265352e+01	1.507227011733197897e-01
5.760999999999999455e-01	4.250412180494265613e+01	1.526234996616898931e-01
3.876000000000000001e-01	4.165732180494265435e+01	1.657067670585056496e-01
3.599999999999999867e-01	4.119577180494265178e+01	1.415897600428147607e-01
3.470000000000000306e-01	4.105942180494265870e+01	1.481607662270341408e-01
4.390999999999999903e-01	4.183437180494265561e+01	1.401763537440672003e-01
3.492000000000000104e-01	4.112572180494265695e+01	1.249938904466208756e-01
4.304999999999999938e-01	4.181262180494265124e+01	1.340265371073275924e-01
5.088000000000000300e-01	4.204752180494265446e+01	1.490142028431580834e-01
2.888000000000000012e-01	4.075082180494266026e+01	1.341669487950808981e-01
1.726999999999999924e-01	3.975847180494265842e+01	1.390469350578496521e-01
3.180000000000000049e-01	4.110692180494265813e+01	1.592476692105158076e-01
2.752000000000000002e-01	4.077537180494265101e+01	1.460296207931180423e-01
1.030000000000000082e-01	3.817227180494265326e+01	1.319695898644148158e-01
2.048999999999999988e-01	3.982212180494265397e+01	1.645567763690753138e-01
2.646999999999999909e-01	4.051312180494265647e+01	1.466922634257916691e-01
2.348000000000000087e-01	4.013262180494265863e+01	2.007708461131293143e-01
2.144999999999999962e-01	4.000227180494265156e+01	1.797506958233593410e-01
4.275999999999999801e-01	4.230337180494265681e+01	1.770503675482823225e-01
4.018999999999999795e-01	4.152182180494265396e+01	1.562895074820503105e-01
3.217999999999999750e-01	4.081597180494265587e+01	1.479711885773100921e-01
4.511999999999999900e-01	4.199167180494265494e+01	1.332780276301456235e-01
1.612000000000000099e-01	3.934187180494265590e+01	1.290791720185013591e-01
3.512000000000000122e-01	4.132787180494266011e+01	1.250401941336539147e-01
2.492000000000000048e-01	4.029537180494265414e+01	1.250865006664662327e-01
8.219999999999999529e-02	3.779767180494265233e+01	1.310827988295255320e-01
1.055999999999999994e-01	3.838492180494265682e+01	1.107042575919366389e-01
3.326999999999999957e-01	4.131902180494265053e+01	1.512926721589048229e-01
1.021999999999999992e-01	3.832132180494265583e+01	1.202404680171441226e-01
2.928000000000000047e-01	4.075782180494265106e+01	1.430993366475954709e-01
1.325999999999999956e-01	3.880597180494265785e+01	1.100262248238203372e-01
2.706999999999999962e-01	4.049247180494265308e+01	1.289395600619990534e-01
1.004000000000000031e-01	3.834892180494265546e+01	1.190916984889453245e-01
3.536000000000000254e-01	4.141402180494265650e+01	1.530039628538485408e-01
4.234999999999999876e-01	4.186722180494265899e+01	2.696584138293887101e-01
3.000999999999999779e-01	4.097907180494265589e+01	1.283348458096313649e-01
1.476000000000000090e-01	3.915567180494265642e+01	1.230517478501701734e-01
2.288000000000000034e-01	4.023347180494265274e+01	1.373080938946494300e-01
1.388000000000000067e-01	3.909027180494265963e+01	1.171206649100911684e-01
1.436000000000000054e-01	3.914827180494265235e+01	1.179908159518437277e-01
9.189999999999999558e-02	3.822292180494265779e+01	1.232826838975444317e-01
1.567999999999999949e-01	3.939212180494265425e+01	1.340265371073275924e-01
2.388000000000000123e-01	4.046377180494265247e+01	2.515627558860449864e-01
1.496000000000000107e-01	3.941977180494265554e+01	1.732944680276374549e-01
5.078000000000000291e-01	4.226192180494265926e+01	1.481133692445819050e-01
2.528000000000000247e-01	4.047577180494265292e+01	1.226824056211071323e-01
2.842000000000000082e-01	4.058452180494265349e+01	1.239296984139873353e-01
2.368000000000000105e-01	4.029062180494265988e+01	1.327637757409070585e-01
3.412000000000000033e-01	4.115607180494265549e+01	1.558129010993051788e-01
2.641000000000000014e-01	4.033222180494265530e+01	1.494411260295567256e-01
3.489999999999999769e-01	4.138442180494265443e+01	1.412598054967578454e-01
3.211999999999999855e-01	4.098307180494265367e+01	1.331377487754012434e-01
1.351999999999999869e-01	3.907567180494265813e+01	1.304299434523447931e-01
3.064999999999999947e-01	4.114987180494265573e+01	1.694010039786714716e-01
2.335000000000000131e-01	4.047867180494265682e+01	1.667135871756763865e-01
3.005999999999999783e-01	4.118657180494265901e+01	1.768094175913202115e-01
3.675999999999999823e-01	4.125862180494265630e+01	1.321563946579273896e-01
1.691999999999999893e-01	3.952362180494265687e+01	1.237447782695571402e-01
7.975999999999999757e-02	3.760522180494265854e+01	1.134254497411487511e-01
1.806000000000000105e-01	3.965462180494264999e+01	1.235599051026742140e-01
1.806000000000000105e-01	3.961497180494265535e+01	1.708902356747800388e-01
2.306999999999999884e-01	4.030137180494265436e+01	1.608243534076287118e-01
4.581999999999999962e-02	3.656077180494265377e+01	1.329507433186511434e-01
2.212000000000000077e-01	4.005352180494265468e+01	1.286604062988371822e-01
2.006000000000000005e-01	3.979562180494265533e+01	2.166483617500530867e-01
7.549999999999999767e-02	3.764622180494265535e+01	1.286138897980380058e-01
2.626999999999999821e-02	3.525207180494265913e+01	1.441383021579686063e-01
1.912000000000000088e-01	3.932322180494265496e+01	1.621632900781858899e-01
1.776999999999999968e-01	3.962342180494265165e+01	1.200105522401336972e-01
1.852000000000000035e-01	3.980532180494265049e+01	1.260595896748115674e-01
3.491000000000000214e-01	4.129747180494265990e+01	1.458876713399109015e-01
2.711999999999999966e-01	4.057767180494265347e+01	1.177158980298832064e-01
2.921000000000000263e-01	4.044357180494265691e+01	1.313627426212693738e-01
3.704000000000000070e-01	4.106262180494265124e+01	1.231441133346692224e-01
9.629999999999999671e-02	3.808972180494265558e+01	1.552888040039649975e-01
1.807999999999999885e-01	3.954342180494265335e+01	1.212530418133164201e-01
2.747999999999999887e-01	4.064162180494265897e+01	1.596297595969556615e-01
2.454000000000000070e-01	4.052712180494265226e+01	1.516252622387900817e-01
3.618000000000000105e-01	4.117642180494265602e+01	2.089937083956879826e-01
2.318000000000000060e-01	4.019007180494265441e+01	1.571477653324470924e-01
1.466000000000000081e-01	3.917927180494265826e+01	1.205624844177568405e-01
1.592000000000000082e-01	3.945327180494265917e+01	1.836618091737687863e-01
4.198000000000000065e-01	4.172652180494265650e+01	1.563371761577579955e-01
3.191999999999999837e-01	4.093417180494265040e+01	1.635989995353940574e-01
5.195999999999999508e-01	4.224417180494265267e+01	2.016457603050008651e-01
1.506000000000000116e-01	3.920572180494265524e+01	1.196888054455464007e-01
3.025999999999999801e-01	4.088172180494265717e+01	1.651316827534372866e-01
2.106000000000000094e-01	4.000687180494265505e+01	1.690168635047457624e-01
2.396000000000000074e-01	3.998717180494265477e+01	1.551458995558112064e-01
3.316000000000000059e-01	4.102632180494265413e+01	1.289860947892518539e-01
2.006000000000000005e-01	3.999307180494265879e+01	1.674810441482314782e-01
3.605999999999999761e-01	4.143032180494265049e+01	1.497732708095201315e-01
2.426000000000000101e-01	4.060902180494265679e+01	1.301502983053894613e-01
2.212000000000000077e-01	4.008997180494265677e+01	1.564325178758619317e-01
1.205999999999999989e-01	3.863702180494265548e+01	1.973219961103724884e-01
3.412000000000000033e-01	4.115427180494265258e+01	1.757013734977102004e-01
2.504000000000000115e-01	4.029502180494265673e+01	1.398468185157669408e-01
3.804000000000000159e-01	4.142172180494265632e+01	1.389528702437695662e-01
3.105999999999999872e-01	4.108557180494265992e+01	1.462662389240314553e-01
1.993999999999999939e-01	3.966502180494265417e+01	1.491090629337528117e-01
2.399999999999999911e-01	4.036162180494265783e+01	1.709382933955462813e-01
5.027000000000000357e-01	4.216407180494265106e+01	2.138188781398449589e-01
3.700999999999999845e-01	4.136857180494265407e+01	1.437603914469554600e-01
2.700000000000000178e-01	4.063567180494266040e+01	1.451308811004117794e-01
2.631000000000000005e-01	4.065922180494265348e+01	1.395173829634926144e-01
2.680000000000000160e-01	4.049297180494265547e+01	1.736793961556230559e-01
3.079999999999999960e-01	4.121997180494265933e+01	1.272660604756109259e-01
2.500000000000000000e-01	4.064502180494265815e+01	1.692089245547700460e-01
2.803999999999999826e-01	4.064692180494265017e+01	1.201944784463157417e-01
3.148000000000000242e-01	4.117232180494265492e+01	1.334650989921404851e-01
3.287999999999999812e-01	4.140112180494265459e+01	1.723324480444175244e-01
3.296999999999999931e-01	4.125512180494265380e+01	1.279629346685275948e-01
2.587999999999999745e-01	4.040727180494265269e+01	1.485400035309742961e-01
2.245999999999999941e-01	3.993632180494265072e+01	1.609199572737385897e-01
2.101999999999999980e-01	4.018902180494265508e+01	1.318295116769453157e-01
3.877999999999999781e-01	4.156262180494265124e+01	1.911621632253147074e-01
3.068000000000000171e-01	4.095572180494265524e+01	1.565755413497965653e-01
3.652000000000000246e-01	4.147472180494265359e+01	1.499156434431772877e-01
2.487999999999999934e-01	4.040092180494265506e+01	1.664258698309306062e-01
2.988000000000000100e-01	4.066157180494265333e+01	1.708902356747800388e-01
1.237999999999999934e-01	3.884232180494265663e+01	1.181283206897560945e-01
3.311999999999999944e-01	4.103712180494265738e+01	1.478290233647704954e-01
3.825999999999999956e-01	4.145417180494265352e+01	1.884016192843943061e-01
2.406000000000000083e-01	4.039937180494266045e+01	1.270339035414635165e-01
1.711999999999999911e-01	3.955552180494265713e+01	1.794612288183212445e-01
2.088000000000000134e-01	4.012722180494265700e+01	1.679128721956177350e-01
2.896000000000000241e-01	4.098322180494265865e+01	1.715150726582997942e-01
2.457000000000000017e-01	4.041482180494265464e+01	1.307096788649634023e-01
1.360999999999999988e-01	3.902967180494265165e+01	1.317828238010624042e-01
1.504999999999999949e-01	3.912392180494265403e+01	1.252717551923890893e-01
1.187000000000000000e-01	3.853587180494265851e+01	1.330442413221326059e-01
2.447999999999999898e-01	4.032127180494265417e+01	1.323899548643395485e-01
3.503000000000000003e-01	4.123052180494265428e+01	1.171664314084109176e-01
6.191999999999999726e-01	4.275162180494265840e+01	1.248549964918579391e-01
2.195999999999999897e-01	4.009967180494265904e+01	1.180824823967630693e-01
9.940000000000000224e-02	3.845112180494265885e+01	1.193672176478192820e-01
4.097999999999999976e-01	4.173502180494265446e+01	2.107963772197754271e-01
5.024999999999999467e-01	4.208247180494265649e+01	2.134775167294716558e-01
3.815000000000000058e-01	4.158317180494265131e+01	1.505802448828592599e-01
2.797000000000000042e-01	4.056512180494265607e+01	1.230517478501701734e-01
2.306999999999999884e-01	4.001667180494265352e+01	1.596775270630837740e-01
4.269000000000000017e-01	4.182762180494265181e+01	1.694010039786714716e-01
5.501000000000000334e-01	4.240732180494265435e+01	1.511026559957893700e-01
3.252999999999999781e-01	4.123587180494265425e+01	1.487296629760918310e-01
3.508999999999999897e-01	4.127067180494265131e+01	1.366978425176559042e-01
3.282999999999999807e-01	4.124067180494265017e+01	1.875788171648969938e-01
4.504000000000000226e-01	4.171852180494265383e+01	1.397997501749622673e-01
6.441000000000000891e-02	3.736797180494265547e+01	1.183117075736034723e-01
6.558999999999999553e-02	3.718077180494265122e+01	1.352441224193564051e-01
3.185000000000000053e-01	4.107982180494265378e+01	1.332780276301456235e-01
1.453000000000000125e-01	3.952332180494265401e+01	1.787377132811703573e-01
1.396000000000000019e-01	3.904812180494265306e+01	1.223593892963750346e-01
4.294000000000000039e-01	4.202337180494265567e+01	1.598208376557383181e-01
2.165999999999999870e-01	3.986397180494265058e+01	1.248087042196250745e-01
3.665999999999999814e-01	4.115497180494265450e+01	1.900479417120371217e-01
3.805999999999999939e-01	4.147452180494265406e+01	1.460296207931180423e-01
4.205999999999999739e-01	4.174407180494265646e+01	1.691609075672682039e-01
1.995999999999999996e-01	3.987997180494265592e+01	1.600597158843594381e-01
5.106000000000000538e-01	4.208882180494265413e+01	1.793647475090405508e-01
4.267000000000000237e-01	4.188712180494265169e+01	1.600597158843594381e-01
3.155999999999999917e-01	4.120242180494265938e+01	1.593431835661063278e-01
5.778999999999999693e-01	4.254842180494265591e+01	1.691128917291105094e-01
4.812000000000000166e-01	4.228482180494265208e+01	1.612068008769538818e-01
3.921999999999999931e-01	4.145677180494265457e+01	1.656588366160461068e-01
1.734999999999999876e-01	3.935647180494265740e+01	1.181283206897560945e-01
3.301999999999999935e-01	4.126662180494265897e+01	1.245772858469065408e-01
2.995999999999999774e-01	4.097167180494265892e+01	1.681528178443104649e-01
2.295999999999999985e-01	4.022647180494265484e+01	1.487770820690534346e-01
2.927000000000000157e-01	4.081247180494266047e+01	1.771949495583377554e-01
2.084999999999999909e-01	3.986117180494265710e+01	1.222209992144633883e-01
2.748999999999999777e-01	4.055512180494265806e+01	1.253643994480963531e-01
3.032000000000000250e-01	4.093647180494265569e+01	1.276841127508895057e-01
3.589999999999999858e-01	4.146407180494265532e+01	1.422499565869243532e-01
3.599999999999999867e-01	4.113842180494265222e+01	1.671932120302192515e-01
3.489999999999999769e-01	4.124987180494265715e+01	1.310827988295255320e-01
6.303999999999999604e-01	4.258512180494265920e+01	1.270339035414635165e-01
3.206999999999999851e-01	4.128742180494265313e+01	1.619719501919448523e-01
5.100000000000000089e-01	4.211497180494265535e+01	1.272660604756109259e-01
3.669000000000000039e-01	4.127492180494265028e+01	1.329507433186511434e-01
1.383999999999999952e-01	3.906262180494265124e+01	1.140168853678342753e-01
1.791999999999999982e-01	3.981497180494265820e+01	1.564325178758619317e-01
1.716999999999999915e-01	3.948822180494265410e+01	1.250865006664662327e-01
2.707999999999999852e-01	4.050382180494266038e+01	1.328572547849076191e-01
3.472999999999999976e-01	4.150077180494265860e+01	2.576553902967719245e-01
4.796000000000000263e-01	4.188132180494265810e+01	1.537175986963817409e-01
3.191999999999999837e-01	4.118512180494265351e+01	1.448944793599185044e-01
5.191999999999999948e-01	4.222602180494265411e+01	1.589611592464708067e-01
3.801999999999999824e-01	4.145037180494265527e+01	1.388588137245233001e-01
3.711999999999999744e-01	4.140627180494265502e+01	2.679355755568526010e-01
1.807999999999999885e-01	3.974222180494265899e+01	1.343073812155603786e-01
2.235999999999999932e-01	4.001927180494265457e+01	1.310361501608691970e-01
1.411999999999999922e-01	3.911042180494265352e+01	1.404117966873932588e-01
3.054999999999999938e-01	4.095307180494265253e+01	1.290791720185013591e-01
4.045000000000000262e-01	4.139627180494265701e+01	1.607287548915310449e-01
2.856000000000000205e-01	4.070547180494265405e+01	1.437603914469554600e-01
3.012000000000000233e-01	4.085412180494265044e+01	1.429577302875988387e-01
2.636999999999999900e-01	4.050012180494265124e+01	1.378717253427324818e-01
5.006000000000000449e-01	4.223992180494265369e+01	2.018888311645343492e-01
3.050999999999999823e-01	4.091117180494265426e+01	1.223593892963750346e-01
3.856999999999999873e-01	4.155067180494265244e+01	1.345414811460831916e-01
1.985000000000000098e-01	3.991242180494265313e+01	1.310827988295255320e-01
9.059999999999999998e-02	3.802627180494265247e+01	1.199645787263134561e-01
4.773999999999999910e-01	4.219432180494266049e+01	1.715150726582997942e-01
3.311999999999999944e-01	4.109922180494265831e+01	1.259205013053150968e-01
4.712000000000000077e-01	4.197787180494265158e+01	1.572431561276415590e-01
3.306000000000000050e-01	4.104082180494265231e+01	1.629288576311202774e-01
2.606999999999999873e-01	4.062542180494265409e+01	1.498681842452955493e-01
7.141000000000000125e-02	3.742567180494265244e+01	1.281953593114113499e-01
1.812000000000000000e-01	3.969422180494265717e+01	1.661381959363404659e-01
3.378999999999999782e-01	4.118137180494265692e+01	1.581973771874295442e-01
1.221000000000000002e-01	3.864187180494265306e+01	1.242534210755658064e-01
2.500999999999999890e-01	4.038172180494265717e+01	1.507227011733197897e-01
1.603999999999999870e-01	3.943057180494265879e+01	1.735350401186511182e-01
2.988000000000000100e-01	4.126307180494265481e+01	1.672411810798460630e-01
3.891999999999999904e-01	4.138627180494265190e+01	1.486348298649473876e-01
2.928000000000000047e-01	4.073692180494265358e+01	1.715150726582997942e-01
3.287999999999999812e-01	4.093372180494265677e+01	1.787859408594027477e-01
3.055999999999999828e-01	4.096772180494265569e+01	1.411655505035908365e-01
2.857999999999999985e-01	4.073467180494264994e+01	1.472605179570609379e-01
4.292000000000000259e-01	4.174742180494265398e+01	1.544791900191798129e-01
1.791999999999999982e-01	3.974922180494264978e+01	1.763275932716767413e-01
1.895999999999999908e-01	3.976847180494265643e+01	1.672891513188523027e-01
2.487999999999999934e-01	4.045847180494265416e+01	1.544315791830863094e-01
4.096000000000000196e-01	4.174917180494265523e+01	1.962055367439508868e-01
2.416000000000000092e-01	4.012497180494266047e+01	1.384356624897712384e-01
3.376000000000000112e-01	4.114732180494265634e+01	1.728134041357378692e-01
7.059999999999999609e-02	3.775257180494265441e+01	3.034394052343595827e-01
3.456000000000000183e-01	4.122752180494265417e+01	1.693049619738944966e-01
3.306000000000000050e-01	4.125527180494265167e+01	1.631203011552573856e-01
5.494999999999999885e-02	3.687007180494265413e+01	1.256887431275444666e-01
4.230999999999999761e-01	4.164677180494265940e+01	1.501054967314050526e-01
1.072000000000000036e-01	3.846317180494265386e+01	1.207005391412228068e-01
2.853999999999999870e-01	4.049472180494265672e+01	1.318762019811832997e-01
3.254000000000000226e-01	4.118747180494266047e+01	1.462189117350483347e-01
3.346999999999999975e-01	4.101397180494265626e+01	1.223593892963750346e-01
2.907000000000000139e-01	4.057417180494265097e+01	1.663779211583732431e-01
4.404000000000000137e-01	4.169202180494265519e+01	1.448472044914290158e-01
2.411000000000000087e-01	4.035877180494265559e+01	1.213451694505465750e-01
4.606999999999999984e-01	4.201857180494265265e+01	1.709863522301761363e-01
1.194000000000000061e-01	3.860297180494265490e+01	1.331377487754012434e-01
5.450000000000000400e-01	4.261237180494265431e+01	1.536224272330763974e-01
4.113999999999999879e-01	4.187712180494265368e+01	1.372611385242809845e-01
2.687999999999999834e-01	4.061047180494265518e+01	1.518628744920293427e-01
4.976000000000000562e-02	3.662097180494265558e+01	1.432409600951552453e-01
4.117999999999999994e-01	4.184992180494265313e+01	1.609199572737385897e-01
7.368999999999999162e-02	3.750372180494265706e+01	1.635511239612307266e-01
3.187999999999999723e-01	4.134982180494265691e+01	2.160627979291711853e-01
4.198000000000000065e-01	4.142957180494265401e+01	1.591521603654247052e-01
4.208000000000000074e-01	4.175837180494265510e+01	2.378256086904474986e-01
4.391999999999999793e-01	4.173107180494265833e+01	1.975647555840409908e-01
4.803999999999999937e-01	4.195687180494265078e+01	1.785930363955489097e-01
1.998000000000000054e-01	3.993197180494265552e+01	1.439020939701082247e-01
3.018000000000000127e-01	4.108057180494265026e+01	1.520054609182902305e-01
2.902000000000000135e-01	4.070942180494265017e+01	1.461715863257352088e-01
3.091999999999999749e-01	4.085597180494265501e+01	1.536224272330763974e-01
2.955999999999999739e-01	4.099732180494265776e+01	1.317361383561164723e-01
3.386000000000000121e-01	4.115157180494265532e+01	1.468343033796321584e-01
3.781999999999999806e-01	4.148377180494265559e+01	1.537175986963817409e-01
8.959999999999999909e-02	3.799227180494265355e+01	1.260132241035910317e-01
4.506999999999999895e-01	4.192682180494265509e+01	1.617806312541209546e-01
4.603999999999999759e-01	4.206932180494266049e+01	1.546220315769452625e-01
1.205999999999999961e+00	4.500757180494265697e+01	3.385032498351852603e-01
1.330000000000000071e+00	4.487162180494265584e+01	1.557175974287487441e-01
1.540000000000000036e+00	4.517542180494265835e+01	2.158676276077120815e-01
1.550000000000000044e+00	4.527527180494265480e+01	1.915498176688817944e-01
1.699999999999999956e+00	4.532742180494265938e+01	2.871021597776336476e-01
1.800000000000000044e+00	4.546932180494265197e+01	1.937798045436671945e-01
2.259999999999999787e+00	4.614522180494265058e+01	2.591301799269661865e-01
1.914000000000000146e+00	4.542912180494265328e+01	2.602118754956849744e-01
1.300000000000000044e+00	4.478837180494265624e+01	1.848701507788151621e-01
1.340000000000000080e+00	4.473342180494265108e+01	1.698812825151195527e-01
1.020000000000000018e+00	4.415057180494265765e+01	1.722843583990777139e-01
7.349999999999999867e-01	4.297427180494265997e+01	1.420612901144497620e-01
1.120000000000000107e+00	4.433212180494265908e+01	1.715150726582997942e-01
1.229999999999999982e+00	4.455437180494265448e+01	1.972734463859286136e-01
1.229999999999999982e+00	4.476672180494265518e+01	1.772431455627603569e-01
8.540000000000000924e-01	4.358102180494265099e+01	2.196750159872120078e-01
1.370000000000000107e+00	4.478412180494265726e+01	1.689208398895230001e-01
9.751999999999999558e-01	4.397432180494265452e+01	1.475921158090155449e-01
9.699999999999999734e-01	4.438367180494265085e+01	2.659670518108998016e-01
7.399999999999999911e-01	4.311282180494265504e+01	1.345883079950924155e-01
1.389999999999999902e+00	4.463127180494265644e+01	2.067050377929426919e-01
1.304999999999999938e+00	4.453242180494265767e+01	2.396881518744342354e-01
9.350000000000000533e-01	4.353482180494265208e+01	1.723805387768058417e-01
1.014000000000000012e+00	4.412267180494265517e+01	2.339064346036291986e-01
1.314999999999999947e+00	4.481057180494265424e+01	2.042231626162464841e-01
1.092000000000000082e+00	4.390657180494265788e+01	2.682308942850951117e-01
